3.0 3.0
6.0 3.0
9.0 3.0
9.0 6.0
9.0 9.0
12.0 9.0
12.0 12.0
12.0 15.0
12.0 18.0
12.0 21.0
12.0 24.0
12.0 27.0
12.0 30.0
9.0 30.0
6.0 32.0
3.0 32.0
9.0 33.0
9.0 36.0
12.0 19.0
9.0 19.0
6.0 19.0
3.0 19.0
6.0 16.0
6.0 13.0
9.0 13.0
9.0 16.0
9.0 27.0
6.0 27.0
3.0 27.0
15.0 21.0
18.0 21.0
21.0 21.0
16.0 18.0
16.0 15.0
16.0 12.0
21.0 20.0
24.0 20.0
27.0 20.0
30.0 20.0
33.0 20.0
33.0 17.0
33.0 14.0
33.0 11.0
30.0 11.0
27.0 11.0
30.0 14.0
27.0 14.0
27.0 17.0
24.0 17.0
18.0 24.0
21.0 24.0
21.0 27.0
24.0 27.0
27.0 27.0
30.0 27.0
33.0 27.0
33.0 30.0
30.0 30.0
27.0 30.0
24.0 30.0
21.0 30.0
27.0 33.0
30.0 33.0
33.0 33.0
33.0 36.0
30.0 36.0
27.0 36.0
